spawns:
  default:
    world: 1a264580-4f1d-4b4c-9664-7498960fafdd
    world-name: world
    x: 162.19870254380325
    y: 63.0
    z: -174.66758242528337
    yaw: -89.55020141601562
    pitch: 32.39997482299805
